Experimental Literature Compounds (exact calculations only)
================================================================================
Rank   Compound       E_Hull  Exp_Stab     r_DOS    Product
--------------------------------------------------------------------------------
1      Fe-Ge-Er     -0.0059   2.7183   7949.1  21607.88
2      Co-Ge-Gd      0.0238   2.7082   4897.1  13262.47
3      Fe-Sn-Lu     -0.0069   2.7183   3504.4   9526.01
4      Fe-Sn-Tm     -0.0002   2.7183   3484.5   9471.83
5      Mn-Ge-Ho     -0.0008   2.7183   2629.7   7148.18
6      Mn-Sn-Gd      0.0036   2.7182   2265.6   6158.32
7      Cr-Ge-Ho      0.0039   2.7182   2209.0   6004.60
8      Mn-Ge-Gd     -0.0397   2.7183   2067.7   5620.53
9      Fe-Ge-Tm     -0.0069   2.7183   2028.1   5513.01
10     Mn-Sn-Ho     -0.0007   2.7183   2016.8   5482.20
11     Mn-Sn-Er     -0.0007   2.7183   1982.3   5388.47
12     Nb-Sn-Er      0.0256   2.7027   1932.3   5222.47
13     V-Sn-Gd      -0.0078   2.7183   1879.5   5108.92
14     Fe-Ge-Lu     -0.0016   2.7183   1854.0   5039.57
15     Mn-Ge-Sm     -0.0005   2.7183   1611.7   4380.94
16     Mn-Ge-Tm     -0.0004   2.7183   1594.0   4332.98
17     Cr-Ge-Gd      0.0003   2.7182   1590.7   4323.86
18     Mn-Ge-Lu     -0.0004   2.7183   1577.6   4288.34
19     Mn-Ge-Tb     -0.0119   2.7183   1557.6   4233.90
20     Mn-Ge-Dy     -0.0003   2.7183   1556.8   4231.91
21     Nb-Sn-Lu      0.0201   2.7141   1548.8   4203.65
22     Nb-Sn-Ho      0.0243   2.7069   1529.9   4141.19
23     Co-Ge-Tb      0.0227   2.7106   1379.7   3739.83
24     Co-Ge-Dy      0.0195   2.7147   1341.2   3640.99
25     Cr-Ge-Er     -0.0065   2.7183   1335.4   3629.86
26     Mn-Ge-Nd     -0.0003   2.7183   1332.9   3623.10
27     V-Sn-Ho      -0.0214   2.7183   1308.8   3557.80
28     Mn-Sn-Tb     -0.0034   2.7183   1242.3   3376.82
29     V-Sn-Tb      -0.0169   2.7183   1166.9   3171.85
30     V-Sn-Er      -0.0247   2.7183   1163.1   3161.59
31     V-Sn-Tm      -0.0264   2.7183   1113.1   3025.65
32     Mn-Sn-Dy     -0.0052   2.7183   1021.2   2775.83
33     V-Sn-Lu      -0.0350   2.7183    994.5   2703.30
34     Co-Ge-Er      0.0160   2.7167    894.6   2430.33
35     Mn-Ge-Er     -0.0003   2.7183    888.7   2415.67
36     V-Sn-Dy      -0.0130   2.7183    855.4   2325.20
37     Mn-Sn-Lu     -0.0007   2.7183    737.8   2005.40
38     Nb-Sn-Nd      0.0264   2.6997    719.3   1941.84
39     Mn-Sn-Tm     -0.0009   2.7183    693.8   1885.80
40     Nb-Sn-Sm      0.0198   2.7144    687.2   1865.33
41     Nb-Sn-Gd      0.0221   2.7116    671.6   1821.03
42     Nb-Sn-Dy      0.0239   2.7080    640.7   1735.07
43     Nb-Sn-Tb     -0.0054   2.7183    546.0   1484.23
44     Cr-Ge-Tb      0.0143   2.7173    489.8   1330.87
45     Cr-Ge-Dy      0.0128   2.7176    481.5   1308.51
46     Cr-Ge-Tm      0.0026   2.7182    462.2   1256.47
47     Co-Ge-Lu      0.0078   2.7181    302.7    822.64
48     Co-Ge-Ho      0.0152   2.7170    254.1    690.33
49     Nb-Sn-Tm      0.0244   2.7067      0.6      1.70
50     Fe-Ge-Yb           -        -   3059.1         -
51     Co-Ge-Yb           -        -    505.5         -
52     Mn-Ge-Yb           -        -   2011.6         -
53     Mn-Sn-Yb           -        -   1023.4         -
54     V-Sn-Yb            -        -   1098.3         -
